{
  "camera_angle_x": 0.6869061702509661,
  "camera_angle_y": 0.6869061702509661,
  "fl_x": 1118.484365425203,
  "fl_y": 1118.484365425203,
  "k1": -0.04637271458209719,
  "k2": 0,
  "p1": 0,
  "p2": 0,
  "cx": 400.0,
  "cy": 400.0,
  "w": 800.0,
  "h": 800.0,
  "aabb_scale": 1,
  "frames": [
    {
      "file_path": "././render_0071.png",
      "sharpness": 2987.530530478897,
      "transform_matrix": [
        [
          0.7858673911292988,
          0.192606535195409,
          0.58763523226361,
          1.64932276029132
        ],
        [
          0.6182772513595767,
          -0.2632685160828493,
          -0.7405558242906408,
          -2.0727512798776253
        ],
        [
          0.0120699641606406,
          0.9453001698268846,
          -0.3259783810750197,
          -0.9179773990536959
        ],
        [
          0.0,
          0.0,
          0.0,
          1.0
        ]
      ],
      "eval": false
    },
    {
      "file_path": "././render_0072.png",
      "sharpness": 3010.755525403513,
      "transform_matrix": [
        [
          0.7353273913546411,
          0.2776724563192249,
          0.6182164948972846,
          1.7490247670802972
        ],
        [
          0.6776334272727097,
          -0.31513869878088424,
          -0.6644550690402938,
          -1.8736903546821615
        ],
        [
          0.010323070632630844,
          0.9075161748235357,
          -0.41989025552427167,
          -1.1910409968999218
        ],
        [
          0.0,
          0.0,
          0.0,
          1.0
        ]
      ],
      "eval": false
    },
    {
      "file_path": "././render_0074.png",
      "sharpness": 3099.700834338662,
      "transform_matrix": [
        [
          0.5491003176464596,
          0.4443920162110848,
          0.7078167680454185,
          2.0216618319468296
        ],
        [
          0.8357267557940721,
          -0.2990986068840836,
          -0.46054404025014295,
          -1.3114630518618922
        ],
        [
          0.007044914650819139,
          0.8444262900467802,
          -0.5356254380565404,
          -1.5332956609088293
        ],
        [
          0.0,
          0.0,
          0.0,
          1.0
        ]
      ],
      "eval": false
    },
    {
      "file_path": "././render_0070.png",
      "sharpness": 2804.1130949655053,
      "transform_matrix": [
        [
          0.815865811256628,
          0.11350162616250628,
          0.5669923799478161,
          1.5769152581431771
        ],
        [
          0.5780991073385645,
          -0.18184754652648916,
          -0.7954450904472666,
          -2.206377880239104
        ],
        [
          0.012821861903978523,
          0.9767542427434618,
          -0.21397838483788187,
          -0.5988180663212271
        ],
        [
          0.0,
          0.0,
          0.0,
          1.0
        ]
      ],
      "eval": false
    },
    {
      "file_path": "././render_0073.png",
      "sharpness": 3179.497512469374,
      "transform_matrix": [
        [
          0.6578623391859876,
          0.3668015369775793,
          0.6577794274599076,
          1.8711225457446086
        ],
        [
          0.7531095160403117,
          -0.32800908198259654,
          -0.5702947474652657,
          -1.6168459856134316
        ],
        [
          0.006572636247662392,
          0.8705553828685859,
          -0.4920265499433466,
          -1.4023724291529052
        ],
        [
          0.0,
          0.0,
          0.0,
          1.0
        ]
      ],
      "eval": false
    },
    {
      "file_path": "././render_0069.png",
      "sharpness": 2560.544395644287,
      "transform_matrix": [
        [
          0.8277964659878311,
          0.03835835552000937,
          0.5597156845200214,
          1.5420856354999033
        ],
        [
          0.5608588984692976,
          -0.08111210790991254,
          -0.8239284689572427,
          -2.263807226331337
        ],
        [
          0.013795177866339617,
          0.9959665971054579,
          -0.08865794130069532,
          -0.24798739207030915
        ],
        [
          0.0,
          0.0,
          0.0,
          1.0
        ]
      ],
      "eval": false
    },
    {
      "file_path": "././render_0068.png",
      "sharpness": 2370.593800559372,
      "transform_matrix": [
        [
          0.8238818698729895,
          -0.03548887706649838,
          0.5656493650106954,
          1.5407071950524307
        ],
        [
          0.5665650314660702,
          0.025290460623342278,
          -0.8236288349258535,
          -2.237557305008102
        ],
        [
          0.014924129478685315,
          0.9990500148860714,
          0.04094310874018458,
          0.10765082885648179
        ],
        [
          0.0,
          0.0,
          0.0,
          1.0
        ]
      ],
      "eval": false
    },
    {
      "file_path": "././render_0064.png",
      "sharpness": 2401.0377884691184,
      "transform_matrix": [
        [
          0.6073021767065031,
          -0.35439517924560365,
          0.7110472017615127,
          1.8739251051410624
        ],
        [
          0.7944203195655375,
          0.26078372405779543,
          -0.5485327748894737,
          -1.4405133367720422
        ],
        [
          0.008967833822801384,
          0.897995493434798,
          0.43991325481870563,
          1.1535224766045986
        ],
        [
          0.0,
          0.0,
          0.0,
          1.0
        ]
      ],
      "eval": false
    },
    {
      "file_path": "././render_0067.png",
      "sharpness": 2154.3438054116314,
      "transform_matrix": [
        [
          0.803552997883551,
          -0.1093261035118204,
          0.585107154905098,
          1.5782217265851373
        ],
        [
          0.595072908618406,
          0.12473622431865088,
          -0.7939326846598309,
          -2.1353602817982256
        ],
        [
          0.013813509539848157,
          0.98614840539896,
          0.16528916940062288,
          0.4415091818170086
        ],
        [
          0.0,
          0.0,
          0.0,
          1.0
        ]
      ],
      "eval": false
    },
    {
      "file_path": "././render_0066.png",
      "sharpness": 2189.924871861631,
      "transform_matrix": [
        [
          0.7631148249543189,
          -0.18988818275486474,
          0.617736385542289,
          1.650858960721237
        ],
        [
          0.6461286420958097,
          0.2046912125865139,
          -0.7352681724060255,
          -1.9588801050329676
        ],
        [
          0.013173527280209237,
          0.9602312146437193,
          0.2788950925360865,
          0.7402120884513753
        ],
        [
          0.0,
          0.0,
          0.0,
          1.0
        ]
      ],
      "eval": false
    },
    {
      "file_path": "././render_0065.png",
      "sharpness": 2297.9841109244894,
      "transform_matrix": [
        [
          0.6999593909757251,
          -0.2735090078211514,
          0.6597345478777344,
          1.7491516213199596
        ],
        [
          0.7141013163995599,
          0.2540908579692111,
          -0.6523014225133155,
          -1.7239440626817437
        ],
        [
          0.010777797569759393,
          0.9277018155487785,
          0.37316642472885014,
          0.9835606637170569
        ],
        [
          0.0,
          0.0,
          0.0,
          1.0
        ]
      ],
      "eval": false
    },
    {
      "file_path": "././render_0063.png",
      "sharpness": 2458.5071593637103,
      "transform_matrix": [
        [
          0.48955555478310325,
          -0.41593586664368837,
          0.7663763524915351,
          2.0130363755037317
        ],
        [
          0.8719584967789171,
          0.22860631022267963,
          -0.43292901822519625,
          -1.1324380905103348
        ],
        [
          0.004872236205692611,
          0.8801911779843689,
          0.47459430206304876,
          1.2414326802352968
        ],
        [
          0.0,
          0.0,
          0.0,
          1.0
        ]
      ],
      "eval": false
    },
    {
      "file_path": "././render_0061.png",
      "sharpness": 2250.0416127650365,
      "transform_matrix": [
        [
          0.2149853671172585,
          -0.4308927417917259,
          0.8764204111238648,
          2.308514289562434
        ],
        [
          0.9766117727197633,
          0.09786404082237014,
          -0.19144731624937336,
          -0.5000207980210467
        ],
        [
          -0.003276783884424233,
          0.8970808629229471,
          0.4418542611570723,
          1.1580621776997393
        ],
        [
          0.0,
          0.0,
          0.0,
          1.0
        ]
      ],
      "eval": false
    },
    {
      "file_path": "././render_0062.png",
      "sharpness": 2242.3954373399997,
      "transform_matrix": [
        [
          0.35203993120986904,
          -0.44627252082488955,
          0.8227446286838993,
          2.1591878633621624
        ],
        [
          0.9359849443475411,
          0.16760083139050871,
          -0.3095838259211066,
          -0.8080493777806045
        ],
        [
          0.00026607061092915625,
          0.8790624542718921,
          0.47670654572155263,
          1.245651301309553
        ],
        [
          0.0,
          0.0,
          0.0,
          1.0
        ]
      ],
      "eval": false
    },
    {
      "file_path": "././render_0059.png",
      "sharpness": 2083.8082474564435,
      "transform_matrix": [
        [
          -0.0012121339930712676,
          -0.28107739213965066,
          0.9596843389349509,
          2.56082355837756
        ],
        [
          0.9999447182335269,
          0.009682919345382741,
          0.004098969362173206,
          0.01350192302989553
        ],
        [
          -0.01044467366971405,
          0.9596362543895387,
          0.2810501166892069,
          0.7454847429823431
        ],
        [
          0.0,
          0.0,
          0.0,
          1.0
        ]
      ],
      "eval": false
    },
    {
      "file_path": "././render_0060.png",
      "sharpness": 2293.4879407369117,
      "transform_matrix": [
        [
          0.09298276539341507,
          -0.372597157136822,
          0.9233231091395955,
          2.4452594379197823
        ],
        [
          0.9956447266800742,
          0.041097074895968366,
          -0.08368159098131667,
          -0.21864994228035342
        ],
        [
          -0.006766356065163421,
          0.9270827303786525,
          0.3747957143526713,
          0.9874620058213974
        ],
        [
          0.0,
          0.0,
          0.0,
          1.0
        ]
      ],
      "eval": false
    },
    {
      "file_path": "././render_0035.png",
      "sharpness": 1728.2112124906157,
      "transform_matrix": [
        [
          0.40765083518149187,
          -0.07993166105271682,
          -0.9096327424708519,
          -4.126007150407888
        ],
        [
          -0.9131019514820711,
          -0.026845050522326018,
          -0.4068466166285474,
          -1.848000219234642
        ],
        [
          0.008100788932405664,
          0.9964387953415148,
          -0.0839291629583547,
          -0.36099866264572394
        ],
        [
          0.0,
          0.0,
          0.0,
          1.0
        ]
      ],
      "eval": false
    },
    {
      "file_path": "././render_0027.png",
      "sharpness": 2063.475681240616,
      "transform_matrix": [
        [
          -0.9858814774549713,
          -0.02532248706003647,
          -0.16551883306184498,
          -0.7448446615560311
        ],
        [
          -0.16682335537668022,
          0.06346550156331225,
          0.9839421213730979,
          4.424701491431373
        ],
        [
          -0.014411125877850999,
          0.997662719458898,
          -0.06679384470649694,
          -0.297081677268151
        ],
        [
          0.0,
          0.0,
          0.0,
          1.0
        ]
      ],
      "eval": false
    },
    {
      "file_path": "././render_0026.png",
      "sharpness": 1705.9466484348416,
      "transform_matrix": [
        [
          -0.9971557559256765,
          -0.011085393989876444,
          0.07454872569158638,
          0.324391722954579
        ],
        [
          0.07352504612705617,
          0.07434586158373974,
          0.9945183560183264,
          4.359151146939153
        ],
        [
          -0.016567017048138132,
          0.9971709015726028,
          -0.07331934970303743,
          -0.31324521626646534
        ],
        [
          0.0,
          0.0,
          0.0,
          1.0
        ]
      ],
      "eval": false
    },
    {
      "file_path": "././render_0025.png",
      "sharpness": 1513.9570296625952,
      "transform_matrix": [
        [
          -0.9495536885317201,
          -0.0032101430993184835,
          0.3135880858944492,
          1.3308920816757215
        ],
        [
          0.3128646009192237,
          0.058952286400911595,
          0.9479664389733261,
          4.033772231682832
        ],
        [
          -0.02152984257401889,
          0.9982556400777918,
          -0.0549740208597021,
          -0.23378937918830298
        ],
        [
          0.0,
          0.0,
          0.0,
          1.0
        ]
      ],
      "eval": false
    },
    {
      "file_path": "././render_0024.png",
      "sharpness": 1055.934990615615,
      "transform_matrix": [
        [
          -0.840934248475406,
          -0.3028856802763784,
          0.4484304343624297,
          2.189836932824247
        ],
        [
          0.5406874769804471,
          -0.4365149530552239,
          0.719104824066508,
          3.519846146294552
        ],
        [
          -0.022059963823159983,
          0.8471805949580761,
          0.5308468682779133,
          2.599422369054907
        ],
        [
          0.0,
          0.0,
          0.0,
          1.0
        ]
      ],
      "eval": false
    },
    {
      "file_path": "././render_0023.png",
      "sharpness": 970.0796406156151,
      "transform_matrix": [
        [
          -0.6788993834528679,
          -0.41671818674820665,
          0.6045176424377211,
          2.906657859843811
        ],
        [
          0.7338092656890974,
          -0.35718041340360795,
          0.5778807090305614,
          2.778493639046586
        ],
        [
          -0.024891539788304124,
          0.835923504363483,
          0.5482812290581436,
          2.6347731605056155
        ],
        [
          0.0,
          0.0,
          0.0,
          1.0
        ]
      ],
      "eval": false
    },
    {
      "file_path": "././render_0022.png",
      "sharpness": 904.3150968656153,
      "transform_matrix": [
        [
          -0.46145127559989246,
          -0.5089275757794994,
          0.7266742343693575,
          3.43385899556724
        ],
        [
          0.8869185361677302,
          -0.24531268051103003,
          0.3914041376666744,
          1.8488979204449543
        ],
        [
          -0.020933954641318534,
          0.8251147868190395,
          0.5645771498683889,
          2.664633896284301
        ],
        [
          0.0,
          0.0,
          0.0,
          1.0
        ]
      ],
      "eval": false
    },
    {
      "file_path": "././render_0021.png",
      "sharpness": 834.3711468656152,
      "transform_matrix": [
        [
          -0.20245858041105785,
          -0.5714844111178894,
          0.7952459312093563,
          3.6944685688840524
        ],
        [
          0.979196068915901,
          -0.10684070215150344,
          0.17251122567366114,
          0.8013621885660734
        ],
        [
          -0.013622842541803749,
          0.8136280675164278,
          0.58122610570107,
          2.6947781720855386
        ],
        [
          0.0,
          0.0,
          0.0,
          1.0
        ]
      ],
      "eval": false
    },
    {
      "file_path": "././render_0020.png",
      "sharpness": 994.8136499906151,
      "transform_matrix": [
        [
          0.07856156416965064,
          -0.5865386769435996,
          0.8061020165725473,
          3.7050683843094028
        ],
        [
          0.9968938676651827,
          0.05071549514571241,
          -0.06025408835662223,
          -0.27492601566614194
        ],
        [
          -0.0055405096432980475,
          0.8083318124626224,
          0.5887010988198097,
          2.7005447559724476
        ],
        [
          0.0,
          0.0,
          0.0,
          1.0
        ]
      ],
      "eval": false
    },
    {
      "file_path": "././render_0019.png",
      "sharpness": 1012.1858843656154,
      "transform_matrix": [
        [
          0.356859603425619,
          -0.5549712095329472,
          0.7514374092832384,
          3.4398497546693743
        ],
        [
          0.9341518044056643,
          0.20906771234332022,
          -0.28922499542947744,
          -1.3187837284130908
        ],
        [
          0.0034102454126203464,
          0.8051693289495947,
          0.5930351776943353,
          2.7091032690355425
        ],
        [
          0.0,
          0.0,
          0.0,
          1.0
        ]
      ],
      "eval": false
    },
    {
      "file_path": "././render_0015.png",
      "sharpness": 1025.2221312406148,
      "transform_matrix": [
        [
          0.9949502523649575,
          -0.07169279365987587,
          0.07024342456064986,
          0.33250933253321674
        ],
        [
          0.09826817547007369,
          0.5533565974516764,
          -0.8271274640262498,
          -3.9331924266319875
        ],
        [
          0.02042941620061567,
          0.8298533722412493,
          0.5576074063096682,
          2.6489997497478392
        ],
        [
          0.0,
          0.0,
          0.0,
          1.0
        ]
      ],
      "eval": false
    },
    {
      "file_path": "././render_0013.png",
      "sharpness": 1147.691593740615,
      "transform_matrix": [
        [
          0.9127606871030806,
          0.19663600098510134,
          -0.35805336366742446,
          -1.7769032873966586
        ],
        [
          -0.4079325759459273,
          0.4847363199122306,
          -0.7737064777033194,
          -3.832139130211495
        ],
        [
          0.02142292212449378,
          0.8522704871715426,
          0.5226624868324646,
          2.5901422109417425
        ],
        [
          0.0,
          0.0,
          0.0,
          1.0
        ]
      ],
      "eval": false
    },
    {
      "file_path": "././render_0018.png",
      "sharpness": 1023.868281240615,
      "transform_matrix": [
        [
          0.6024426588946233,
          -0.4758552221936352,
          0.6408000080312735,
          2.9378906305860792
        ],
        [
          0.7981050038206018,
          0.3495354575327629,
          -0.490768139556643,
          -2.2449841421205847
        ],
        [
          0.009552258100074033,
          0.8070853557533126,
          0.590357504340891,
          2.700820479089304
        ],
        [
          0.0,
          0.0,
          0.0,
          1.0
        ]
      ],
      "eval": false
    },
    {
      "file_path": "././render_0017.png",
      "sharpness": 1051.9648281156153,
      "transform_matrix": [
        [
          0.8007560722300159,
          -0.36000600843272335,
          0.4787331059337269,
          2.208758239412614
        ],
        [
          0.5987674658376335,
          0.45927985381030256,
          -0.6561551171318977,
          -3.020518218463914
        ],
        [
          0.01634731372396645,
          0.8120700030206817,
          0.5833310171470973,
          2.6855468337364305
        ],
        [
          0.0,
          0.0,
          0.0,
          1.0
        ]
      ],
      "eval": false
    },
    {
      "file_path": "././render_0012.png",
      "sharpness": 1204.8443999906153,
      "transform_matrix": [
        [
          0.7826295606630239,
          0.30461359562720963,
          -0.5428641894372133,
          -2.745958153008782
        ],
        [
          -0.6221961161685603,
          0.40949017271762306,
          -0.6672254427646322,
          -3.373592468369557
        ],
        [
          0.019051609480365262,
          0.8599583454089036,
          0.5100085101012094,
          2.5774701641394913
        ],
        [
          0.0,
          0.0,
          0.0,
          1.0
        ]
      ],
      "eval": false
    },
    {
      "file_path": "././render_0014.png",
      "sharpness": 1040.3923874906156,
      "transform_matrix": [
        [
          0.9860554424360741,
          0.07200989922593244,
          -0.15003079315102896,
          -0.7310931804917153
        ],
        [
          -0.16512701316425765,
          0.5354050940794254,
          -0.8282961153822115,
          -4.014680013088734
        ],
        [
          0.020681731123933126,
          0.8415200292769822,
          0.5398298865024532,
          2.615671264852569
        ],
        [
          0.0,
          0.0,
          0.0,
          1.0
        ]
      ],
      "eval": false
    },
    {
      "file_path": "././render_0000.png",
      "sharpness": 1059.646865615615,
      "transform_matrix": [
        [
          -0.9476174064031221,
          -0.1797745087409725,
          0.26401207761505835,
          1.3130540030385822
        ],
        [
          0.31882875975506547,
          -0.48264551625442503,
          0.8157214767263121,
          4.0756018830434515
        ],
        [
          -0.01922168225001023,
          0.85716651338908,
          0.5146805759825748,
          2.574653755646147
        ],
        [
          0.0,
          0.0,
          0.0,
          1.0
        ]
      ],
      "eval": false
    },
    {
      "file_path": "././render_0003.png",
      "sharpness": 1424.0229906156155,
      "transform_matrix": [
        [
          -0.9281864001884994,
          0.1657441297720749,
          -0.33316495912546035,
          -1.7733523545039611
        ],
        [
          -0.37194680649079853,
          -0.4401990075553209,
          0.817239503994157,
          4.299445538496909
        ],
        [
          -0.011206233954363069,
          0.8824702358855243,
          0.47023473195264326,
          2.4937988943562797
        ],
        [
          0.0,
          0.0,
          0.0,
          1.0
        ]
      ],
      "eval": false
    },
    {
      "file_path": "././render_0006.png",
      "sharpness": 1402.929343749756,
      "transform_matrix": [
        [
          -0.4697331557625077,
          0.402995826411751,
          -0.7854585452523659,
          -4.2526265758586295
        ],
        [
          -0.882789358807416,
          -0.20857366738880545,
          0.4209275154327451,
          2.2744648200855746
        ],
        [
          0.005806062576102266,
          0.8911180557046374,
          0.45373439419159783,
          2.4706902679271003
        ],
        [
          0.0,
          0.0,
          0.0,
          1.0
        ]
      ],
      "eval": false
    },
    {
      "file_path": "././render_0005.png",
      "sharpness": 1368.1148749906151,
      "transform_matrix": [
        [
          -0.6595499237034157,
          0.3412293310531053,
          -0.6697435642167271,
          -3.6255503883409466
        ],
        [
          -0.7516593007419198,
          -0.3011691910051772,
          0.5867754374524069,
          3.16538924855972
        ],
        [
          -0.0014811374157975368,
          0.8904266741583206,
          0.4551243173212946,
          2.4782287667102887
        ],
        [
          0.0,
          0.0,
          0.0,
          1.0
        ]
      ],
      "eval": false
    },
    {
      "file_path": "././render_0001.png",
      "sharpness": 1134.7088749906152,
      "transform_matrix": [
        [
          -0.9966519448275651,
          -0.05453859530699708,
          0.06091340190162684,
          0.30369384592270626
        ],
        [
          0.08006693762667029,
          -0.5001538744887061,
          0.8622269929276347,
          4.396963991435031
        ],
        [
          -0.016558575060662974,
          0.8642173589348362,
          0.5028460700309026,
          2.5665541726483903
        ],
        [
          0.0,
          0.0,
          0.0,
          1.0
        ]
      ],
      "eval": false
    },
    {
      "file_path": "././render_0004.png",
      "sharpness": 1427.581187490615,
      "transform_matrix": [
        [
          -0.8137516523533197,
          0.26216378683727043,
          -0.5187276715206554,
          -2.78666577732754
        ],
        [
          -0.581164180769154,
          -0.3785594456888449,
          0.7203755555754794,
          3.85361000021959
        ],
        [
          -0.007512876199654511,
          0.8876727409260804,
          0.4604135768478761,
          2.484542509978701
        ],
        [
          0.0,
          0.0,
          0.0,
          1.0
        ]
      ],
      "eval": false
    },
    {
      "file_path": "././render_0002.png",
      "sharpness": 1277.1634062406154,
      "transform_matrix": [
        [
          -0.9879046067799069,
          0.06265214925316881,
          -0.14184215217929017,
          -0.7481901785699312
        ],
        [
          -0.1543956130589411,
          -0.48220685130473295,
          0.8623447960200937,
          4.476941266555916
        ],
        [
          -0.014369502716717992,
          0.8738142026642519,
          0.4860475868181829,
          2.531598721117961
        ],
        [
          0.0,
          0.0,
          0.0,
          1.0
        ]
      ],
      "eval": false
    },
    {
      "file_path": "././render_0010.png",
      "sharpness": 1270.999124990615,
      "transform_matrix": [
        [
          0.4187016417495518,
          0.44660484581135046,
          -0.7907167931262791,
          -4.157807777508535
        ],
        [
          -0.9080263337195547,
          0.2186506675773241,
          -0.3573234708773309,
          -1.8730977080282178
        ],
        [
          0.01330836106571493,
          0.867603594564926,
          0.4970783542477288,
          2.6011414577036787
        ],
        [
          0.0,
          0.0,
          0.0,
          1.0
        ]
      ],
      "eval": false
    },
    {
      "file_path": "././render_0008.png",
      "sharpness": 1438.9113718656156,
      "transform_matrix": [
        [
          -0.04106137183078467,
          0.4606866410511927,
          -0.8866125323602196,
          -4.764251130418992
        ],
        [
          -0.9990432314556245,
          -0.005561743097989505,
          0.04337843584576102,
          0.22436551172842845
        ],
        [
          0.015052754771392847,
          0.8875454274619087,
          0.46047424336559467,
          2.4897642106829077
        ],
        [
          0.0,
          0.0,
          0.0,
          1.0
        ]
      ],
      "eval": false
    },
    {
      "file_path": "././render_0009.png",
      "sharpness": 1342.2678656156152,
      "transform_matrix": [
        [
          0.18719673501712847,
          0.46305522678220334,
          -0.8663355235625897,
          -4.614576354845976
        ],
        [
          -0.9821714908643666,
          0.10368926501600774,
          -0.15680465188799703,
          -0.8434807050199388
        ],
        [
          0.017220480054962278,
          0.8802433716351613,
          0.4742099343085368,
          2.5323441715938397
        ],
        [
          0.0,
          0.0,
          0.0,
          1.0
        ]
      ],
      "eval": false
    },
    {
      "file_path": "././render_0011.png",
      "sharpness": 1253.0253406156148,
      "transform_matrix": [
        [
          0.6156035411487484,
          0.39052940287670657,
          -0.6844845255020319,
          -3.530380806239851
        ],
        [
          -0.7879087910464823,
          0.32180019070769006,
          -0.5250184513444968,
          -2.704063694849343
        ],
        [
          0.015232108540197202,
          0.8625145927944353,
          0.5058028866306872,
          2.598148008112068
        ],
        [
          0.0,
          0.0,
          0.0,
          1.0
        ]
      ],
      "eval": false
    },
    {
      "file_path": "././render_0007.png",
      "sharpness": 1424.706942162595,
      "transform_matrix": [
        [
          -0.2574731662882857,
          0.4479586532381834,
          -0.8561779100563007,
          -4.638748599184912
        ],
        [
          -0.966176839056376,
          -0.10606370154345492,
          0.235059156141468,
          1.2706532586640051
        ],
        [
          0.01448738469612544,
          0.8877406920048876,
          0.4601158326782688,
          2.503487781296402
        ],
        [
          0.0,
          0.0,
          0.0,
          1.0
        ]
      ],
      "eval": false
    },
    {
      "file_path": "././render_0016.png",
      "sharpness": 954.6163281156147,
      "transform_matrix": [
        [
          0.9322511408189089,
          -0.22241616153842564,
          0.28537494908665934,
          1.3356355662731063
        ],
        [
          0.36130491623765276,
          0.5305410859019761,
          -0.7668017433942516,
          -3.5831544371570936
        ],
        [
          0.019145965049064927,
          0.8179591721372994,
          0.5749575851979611,
          2.683784052144762
        ],
        [
          0.0,
          0.0,
          0.0,
          1.0
        ]
      ],
      "eval": false
    },
    {
      "file_path": "././render_0028.png",
      "sharpness": 2015.743684365616,
      "transform_matrix": [
        [
          -0.9155021769343906,
          -0.03712144223736429,
          -0.40059675809031103,
          -1.830373560680661
        ],
        [
          -0.4021911683369819,
          0.05994284669109719,
          0.9135913305424423,
          4.201117709764309
        ],
        [
          -0.009900917750129933,
          0.9975113301083421,
          -0.06980772286114323,
          -0.3154412833604956
        ],
        [
          0.0,
          0.0,
          0.0,
          1.0
        ]
      ],
      "eval": false
    },
    {
      "file_path": "././render_0029.png",
      "sharpness": 1920.9279718656153,
      "transform_matrix": [
        [
          -0.8037742694006873,
          -0.044949070264596686,
          -0.5932339378100322,
          -2.7549252012179366
        ],
        [
          -0.5948640164522098,
          0.04538417331750765,
          0.8025441288444146,
          3.7358179845336923
        ],
        [
          -0.009150180586469056,
          0.9979578437651669,
          -0.06321721522402446,
          -0.29481216261889526
        ],
        [
          0.0,
          0.0,
          0.0,
          1.0
        ]
      ],
      "eval": false
    },
    {
      "file_path": "././render_0038.png",
      "sharpness": 1542.167798427185,
      "transform_matrix": [
        [
          0.9100208928956007,
          -0.03690607800715521,
          -0.41291635465004306,
          -1.7402513985432668
        ],
        [
          -0.41411012939419195,
          -0.03441319357835521,
          -0.9095760181759811,
          -3.8315400736790703
        ],
        [
          0.019359113035999596,
          0.9987260252700397,
          -0.0465999058865391,
          -0.19842746439263417
        ],
        [
          0.0,
          0.0,
          0.0,
          1.0
        ]
      ],
      "eval": false
    },
    {
      "file_path": "././render_0032.png",
      "sharpness": 1683.8477749906153,
      "transform_matrix": [
        [
          -0.2651181256134285,
          -0.07093228917481231,
          -0.9616033433081962,
          -4.545689111270971
        ],
        [
          -0.96415496299993,
          0.030717817362130567,
          0.2635557303856619,
          1.237123855413471
        ],
        [
          0.010843744593160676,
          0.9970080371224477,
          -0.07653356880682513,
          -0.34750915418625233
        ],
        [
          0.0,
          0.0,
          0.0,
          1.0
        ]
      ],
      "eval": false
    },
    {
      "file_path": "././render_0031.png",
      "sharpness": 1762.0690281156164,
      "transform_matrix": [
        [
          -0.4709882791082499,
          -0.0648886796572015,
          -0.8797496804391871,
          -4.164732377964555
        ],
        [
          -0.8821255116152704,
          0.04025441554165958,
          0.469291129030696,
          2.2173488209939562
        ],
        [
          0.0049621274714020626,
          0.9970802582137244,
          -0.07619931764312288,
          -0.34870574565737106
        ],
        [
          0.0,
          0.0,
          0.0,
          1.0
        ]
      ],
      "eval": false
    },
    {
      "file_path": "././render_0033.png",
      "sharpness": 1746.7568437406155,
      "transform_matrix": [
        [
          -0.044688069300792777,
          -0.07521544556641986,
          -0.9961654547555193,
          -4.678840342000773
        ],
        [
          -0.9988911261266694,
          0.01815229669991566,
          0.043439754487358304,
          0.19210040223259797
        ],
        [
          0.014815350407866053,
          0.9970020716681666,
          -0.07594323221685477,
          -0.34083692989000325
        ],
        [
          0.0,
          0.0,
          0.0,
          1.0
        ]
      ],
      "eval": false
    },
    {
      "file_path": "././render_0039.png",
      "sharpness": 1423.3824156156152,
      "transform_matrix": [
        [
          0.9849334267151579,
          -0.020099769437628704,
          -0.1717618823998729,
          -0.7048658829935434
        ],
        [
          -0.1723083839045754,
          -0.029659583685990223,
          -0.9845964299812262,
          -4.044411372814583
        ],
        [
          0.01469577530663266,
          0.9993579480856507,
          -0.032676074183439596,
          -0.1426011081815834
        ],
        [
          0.0,
          0.0,
          0.0,
          1.0
        ]
      ],
      "eval": false
    },
    {
      "file_path": "././render_0030.png",
      "sharpness": 1841.4266281156163,
      "transform_matrix": [
        [
          -0.658817116331726,
          -0.05672062693717963,
          -0.750161834370464,
          -3.532135864383296
        ],
        [
          -0.7523007520698615,
          0.04716210832858841,
          0.657129602112956,
          3.084514502646618
        ],
        [
          -0.0018935893142738058,
          0.9972755416912795,
          -0.07374217451187941,
          -0.3382036475530959
        ],
        [
          0.0,
          0.0,
          0.0,
          1.0
        ]
      ],
      "eval": false
    },
    {
      "file_path": "././render_0036.png",
      "sharpness": 1636.301521875,
      "transform_matrix": [
        [
          0.6234859423372008,
          -0.050198048585884315,
          -0.7802214016956466,
          -3.463651884229027
        ],
        [
          -0.7815984305807396,
          -0.015494445413732592,
          -0.623589460683112,
          -2.7534428107702973
        ],
        [
          0.019213876125817115,
          0.9986190855963791,
          -0.048895284892716294,
          -0.2201855863844904
        ],
        [
          0.0,
          0.0,
          0.0,
          1.0
        ]
      ],
      "eval": false
    },
    {
      "file_path": "././render_0034.png",
      "sharpness": 1767.641334365616,
      "transform_matrix": [
        [
          0.184085262913896,
          -0.07571148670536794,
          -0.9799899932125032,
          -4.533666715085854
        ],
        [
          -0.9828551018301116,
          -0.0036146597599571316,
          -0.1843441972000995,
          -0.8619573544896879
        ],
        [
          0.010414642841901146,
          0.9971232145795972,
          -0.07507882656776951,
          -0.33374120583876715
        ],
        [
          0.0,
          0.0,
          0.0,
          1.0
        ]
      ],
      "eval": false
    },
    {
      "file_path": "././render_0037.png",
      "sharpness": 1581.3799468749617,
      "transform_matrix": [
        [
          0.7872047502535102,
          -0.045407074643166095,
          -0.6150177873757118,
          -2.659051594925474
        ],
        [
          -0.6163960104175381,
          -0.027053744115783665,
          -0.786971443745368,
          -3.391215114080652
        ],
        [
          0.019095537241868098,
          0.9986021693044275,
          -0.049285575534866746,
          -0.2143053377598594
        ],
        [
          0.0,
          0.0,
          0.0,
          1.0
        ]
      ],
      "eval": false
    },
    {
      "file_path": "././render_0041.png",
      "sharpness": 1581.5573562406155,
      "transform_matrix": [
        [
          0.9341390792488108,
          -0.0031614177417171162,
          0.35689520324025653,
          1.3918467006681203
        ],
        [
          0.3563941660275898,
          -0.0454385622125431,
          -0.9332301621173442,
          -3.630714947600764
        ],
        [
          0.019167135287413872,
          0.9989621326855729,
          -0.04131922582809071,
          -0.1648064240090234
        ],
        [
          0.0,
          0.0,
          0.0,
          1.0
        ]
      ],
      "eval": false
    },
    {
      "file_path": "././render_0040.png",
      "sharpness": 1578.9304499906152,
      "transform_matrix": [
        [
          0.9945787009045381,
          -0.01568628461291773,
          0.10279663525593365,
          0.4099852410953527
        ],
        [
          0.10179257530440756,
          -0.055130405392591696,
          -0.9932768546654823,
          -3.9579553954095417
        ],
        [
          0.021248043616360447,
          0.9983559379870708,
          -0.053234779667997625,
          -0.21428919268369193
        ],
        [
          0.0,
          0.0,
          0.0,
          1.0
        ]
      ],
      "eval": false
    },
    {
      "file_path": "././render_0043.png",
      "sharpness": 1796.381812490615,
      "transform_matrix": [
        [
          0.602478438401769,
          0.02005100046935704,
          0.7978832550436192,
          3.0094855465189836
        ],
        [
          0.7981099380348535,
          -0.02308235255495071,
          -0.6020695406766067,
          -2.2665255352345577
        ],
        [
          0.006344925947916246,
          0.9995324719180227,
          -0.02990952246408122,
          -0.11694830694573326
        ],
        [
          0.0,
          0.0,
          0.0,
          1.0
        ]
      ],
      "eval": false
    },
    {
      "file_path": "././render_0046.png",
      "sharpness": 1294.1685937406157,
      "transform_matrix": [
        [
          -0.19965268247779192,
          0.03073770463993892,
          0.979384500556726,
          3.76707858001835
        ],
        [
          0.9797703843123241,
          0.020278232726489133,
          0.19909492033193768,
          0.7673659795541729
        ],
        [
          -0.01374046597453034,
          0.9993217634119704,
          -0.03416449624770411,
          -0.13454649941863855
        ],
        [
          0.0,
          0.0,
          0.0,
          1.0
        ]
      ],
      "eval": false
    },
    {
      "file_path": "././render_0042.png",
      "sharpness": 1615.7504937406154,
      "transform_matrix": [
        [
          0.7993746718148423,
          0.010164445597310109,
